2017广州日报大学一流学科排行榜——世界史
科学研究指数人才培养指数学科声营指数二次评估指数综合指数
北京大学
91.79
10000
10000
96.84
96.40
南开大学
96,49
东北师范大学
87.12
92.76
96.04
345667
南京大学
92.959234
9245
北京师范大学
88.47
9083
中国人民大学8439936082.2091.688744
华东师范大学
88.39
8944
87,24
8543
复日大学
87.54
92.1985.24
8901234
吉林大学
79.96
90.70
85.28
84.01
84.65
首都范大
87.89
9110
84.79
72.53
9043
9252
91.33
四川大学
73.65822181.3684.0878.80
中山大学
82.59
85.48
聿师范大学
86.21
79.35
78.19
厦门大学
71.39
81.16
83.26
清华大学
70.3484417709
83,02
77.18
80.01
74.24
76.81
78902
西北大学
67.1380038699984057667
陕西师范大学
79.30
75.99
折江大学
81.42
80.6275.86
华中师范大学
6970
75.0
90.
75.68
河南大学69.9384.3869.
7785
02
上海师范大学
68.95
8268
74.24
74.0
74.64
延边大学
83
79.58
72.23
75
暨南大学
75.36
6997
72.37
上海大学
65.09
78.55
75.69
兰州大学
7795
62.85
76.41
71.83
云南大学
67.888。76.7961.4279.657044
黑龙江大学
65.66
84.13
70.
31华南师范大学
65.50
72.58
75.81
69.91
66.78
76.73
70.
西南大学
72.56
69.78
建师范大学
62.33
72.79
69.71
东师范大学
36哈尔滨师范大学6548
68.31
67.686887
37
郑州大学
64.34
71.77
78.68
68.80
38湖南师范大学
6644
6142
80.956848
州大学
64.34
辽宁大学
63.9
67
70.2168.33
山西大学
65.26
72.17
68.27
北大学
6641
73.4367.69
61.74
75.25
65,82
70.85
67.52
南京师范大学
71.37
6962
45广西师范大学
6445
浙江师范大学
67.0871.96600068.5
67.27
47河北师范大学
62.10
70.02
苏师范大
67.01
辽宁师范大学
60.86
74.15
64.99
66.67
66.25
央民族大学
64.89
69.82
66.14