2017广州日报大学一流学科排行榜——中国史
科学研究指数人才培养指数学科声营指数二次评估指数综合指数
北京大学
95.65
10000
10000
100.00
98.26
97
南开大学
78.03
97.02
9492
98.52
89.16
345678
南京大学
84.69
20
94.92
8904
78.77
91.33
88.21
北京师范大学
74
9558989594.308775
清华大学
75.18
90.66
78.12
81.41
90.7483.73
华中师范大学
71.08
86.18
9269
93658219
武汉大学766780.159307
8847
82.17
o123456
吉林大学
8447
82.66
81.72
山东大学
70.58889687.6288.438129
四川大学
91.58
81.02
厦门大学
69.94
78.56
兰州大学
78.02
84.40
8008
76.72
毕东师范大学
68.
87
1087
浙江大学
72468034
77.71
77.75
76
陕西师范大学
63
3.39
9858890037583
西北大学
5.73
84.36
74.85
北师范大学
65.36
82.00
75.60
首都师范大学
8001
82.66
74.3
郑州大学
77
71.89
华南师范大学
71.1
海交通大学70.44
29772.7671.03
上海师范大学
62.36
7664
78.34
70.62
26河北师范大学61.67
80.67
74.00
70.35
苏州大学
68117194718969187012
上海大学
6487
74.3170.287957009
问北大学
63.36
72.63
76.78
30中央民族大学70.2973.2960.74
75
69
西南大学
63.96
73.27
71.15
69.74
74.12
79
湖南大学
65.33
76.08
暨南大学
9675.1961
69.58
湖北大学
68.67
67.41
35山西大学
04
7676.9969
37
华中科技大学
63.47
66.36
69.31
38南京师范大学
65.18
73.55
6954
70.08
黑龙江大学
62.90
71.56
40安徽大学63.62728170
74.106878
天津师范大学
63.07
75.96
68.67
69.54
75.65
68.71
云南大学
66.92
73.99
72.95
6841
74.19
68.6772.846823
45四川师范大学
61.27
77.80
福建师范大学
62.8271.8969.5474.166802
湖南师范大学
63.54
72.55
82.38
68.01
内蒙古大学62
72.37
上海财经大学
68.04
72.88
6000
66.14
67.69
西北民族大学
61.4
65.20
67.42