017广州日报大学一流学科排行榜——中国语言文学
科学研究指数人才培养指数学科声营指数二次评估指数综合指数
北京大学
10000
10000
100.00
98.84
南京大学
北京师范大学
88.57
96.19
96.95
345667
复目大学
86.57
96.6091.18
83.77
90.15
92.33
88.38
中国人民大学
3.59
9042884293.138756
华东师范大学
8272
89.57
91.47
92.72
华中师范大学
83
88.34
91.35
8901234
中山大学
79.94
92.40
南开大学
028991878794.
85
浙江大学
90.59
武汉大学
77.72886191.40932985.28
南京师范大学
85.60
88.23
北京语言大学
89.97
90.71
吉林大学
78.19
87.14
84.66
83.10
清华大学
76.9191.9778.
87
四川大学
82.07
87.12
1.29
93228254
暨南大学80.10
16776190.258214
上海师范大学
77.07
86.68
78.31
20首都师范大学
85.27
82.7
陕西师范大学
74.74
85.50
82.55
8592
厦门大学
71.1086.63
80.91
84.7079.08
苏州大学
73.60
82.71
8043
24河南大学7422
86.717882
东北师范大学
8528
73.85
8502
78.58
26上海外国语大学
83.09
60.00
73.6478.37
北京外国语大学
78.17
84.29
67
74.42
7756
西南大学
71.22
8347
76.67
83.77724
山东师范大学
72.81
72.44
77,18
30中央民族大学
82
76.80
华南师范大学
72.36
8243
73.07
8442
76.73
上海交通大学
85.99
76.85
76.62
黑龙江大学
72.23
83.79
82.35
76.60
34广东外语外贸大学79.19802866.26
7044
76
潮南师范大学
62.12
85.09
36四川师范大学6623
69.
74.77
37
哈尔滨师范大学
66.26
8689
70.09
81.11
74.70
上海大
81.6
70.80
80.
兰州大学
6735
81.15
71.50
安徽大学
6883
793070.80
84.54
华中科技大学
68.79
80.74
7009
8294
扬州大学
68.10
79.19
70.95
81.09
73.30
西北大学
65.44
81.43
81.1
73.20
江苏师范大学
79.
73.41
46
辽宁大学
65.
17
78
74.41
78.7673.06
内蒙古大学
62.01
8693
70.95
73.06
48福建师范大学70.668186628276.6473.05
河北大学
66.54
80.14
70.09
81.57
7283
国传媒大学
68.83
7988
2.74