2017广州日报大学一流学科排行榜——临床医学
科学研究指数人才培养指数学科声营指数二次评估指数综合指数
上海交通大学
100.00
100.00
100.00
100.00
12345
复旦大学
9248
95.79
1390.2393.58
北京大学
94.56
93.87
8945
90.94
首都医科大学
82.01
89.61
86.26
86.58
中国医学科学院
84.73
北京协和医学院
86.14
8502
浙江大学
7999
83.12
85.71
78901234
四川大学
7738
85.60
84.71
78.25
81.40
中南大学
82.16
81.05
80.07
10华中科技大学74
82.30
79.06
山东大学
75.14
82.56
79.77
77.24
78.50
南京医科大学80.7676.
76.65
73.84
中国医科大学
79.36
75.21
天津医科大学71.
792475
77.55751
哈尔滨医科大学
69.78
6842
74.60
16南方医科大学
71.91
76.34
12784274.33
重庆医科大学
78.95
74.72
71.28
72.82
75
19
吉林大学
68.05
76.47
75.16
71.08
72.30
南京大学
7007
72.09
71.00
71.
同济大学
70.42
66.95
71.78
苏州大学
70.
5.32
94
69
71.73
武汉大学
75.62
6583
70.47
郑州大学
68.24
74.0
70
25安徽医科大学
74.19
26广西医科大学
65.74
73.75
68
河北医科大学
63.34
62.62
6842
2201
东南大学
65.
75.11
63.3667.56
广州医科大学
6847
63.47
30山西医科大学
61.41
73.62
64.
64.27
65.92
大连医科大学
63.73
6249
65.79
江苏大学
72
33温州医科大学
6803
6245
65.35
新疆医科大学
61.25
65
内蒙古大学
60.12
64.12
南京中医药大学
62,71
02618064.27
青岛大学
62.34
62.34
71.90
38徐州医科大学
62.63
68.35
61
61.75
兰州大学
66,40
65.01
61.37
建医科大学
6299
暨南大学
63.27
6598
18
63.68
42夏门大学
64.43
62.13
62.60
南昌大学
6214
6347
河南大学
60.74
68.33
62.32
4963.
青海大学
67.77
62.01
河北大学
60.29
68.5
6208
2063.12
延边大学
60.75
67.65
61.23
63.1
清华大学
新多医学院
61,43
6745
78
60.95
63.06
62,63
61.44
63.01