2017广州日报大学一流学科排行榜—作物学
科学研完指数人才培养指数学科声誉指数二次评估指数综合指数
中国农业大学
100
10000
100.00
100.00
100.00
南京农业大学
91.22
9241
96.70
93.35
华中农业大学
81.39
89.30
87.61
4西北农林科技大学87.96715486.28
浙江大学
74.53
84.62
81.97
6四川农业大学
69.52
82.14
88.91
93.70
79.60
山东农业大学
70.88
7643
85.28
91.57
8河南农业大学
66.11
85.00
76.40
湖南农业大学
63.05
81.89
84.82
75.83
扬州大学
66.39
78.8983.1585.497540
福建衣林大学
64.37
72.50
82.11
72.34
12中国科学院大学
81.61
636127620671.69
西南大学
65.84
65.91
82.19
14河北农业大大学63.4671.2081.1279.5670.92
甘肃农业大学
63.64
71.61
79.28
78.44
70.64
16吉林农业大学61.3369967728
7596
68.57
海南大学
77.24
山西衣业大学61.6968.1473075996818
19安徽农业大学
6142
66.00
78.23
南农业大学
68.0
吉林大学
61.54
6942
6806
77
60.2260.3
66.84
云南农业大学
61.15
63.41
77.27
75.94
24内蒙古农业大学62.51
63.6
64270.4266.42
沈阳农业大学
64.97
73.45
60.29
66.13
26天津农学院
69.48
73.5
北京林业大学
6852677605060816591
石河子大学61.716246
70.34
65.73
61.37
农业大学60.74
67
73.53
634665.58
31河南科技学院
61.03
64.65
7448
北京农学蹺
60.00
68.77
71.63
65.07
华南理工大学
64.91
60.29
65.01
长江大学
61
68.05
64.86
青海大学
6085
74.48
36
60.29
68
37北京师范大学67806170
6046
60.7
63.79
江南大学
70.89
60.07
兰州大学
6648
6245
60.38
60.62
上海交通大学
62.35
679860.
60.22
63.39
广西大学
64.84
6290
北京大学
63.00
60.25
62
中山大学
62.37
65.31
60.14
60.23
62.59
延边大学
65.32
6235
南昌大学
60,44
武汉大学
62
7762.5760.1660.26
61.94
西藏大学
64.18
62.35
61.13
48内蒙古民族大学
64.016235
江西农业大学
61.80630960.1160.1761.69
北林业大学
63.99