2017广州日报大学一流学科排行榜——力学
科学研完指数人才培养指数学科声誉指数二次评估指数综合指数
清华大学
100
97.85
9982
100.00
99.32
2哈尔滨工业大学
90.12
9345
92
西安交通大学
9540
88.92
90.12
90.05
上海交通大学
9645
86.51
91.67
5大连理工大字
83,41
91.64
97.90
90.19
北京大学
74.76
98.358974
浙江大学
9284
8780
88.88
京航空航天大学
91.13
95.64
天津大学
83.96
90.89
8500
10华中科技大学83.7183158325
82.45
11中国科学技术大学
74.17
86.51
12西北工业大学75.62835290.
82.5081.60
13南京航空航天大学
74.38
91.09
8045
80.60
北京理工大学
74.00
84.90
.31
同济大学
83.77
80.25
东南大学
84.15802575.
80.23
问海大学
.21
84.19
7792
78.92
18华南理工大学84508350621368.547813
19电子科技大学
89.15
72.37
68.89
上海大
74.24
80.81
796
78.86
中国矿业大学
81.14
77.53
77,27
重庆大学
76
78.
75.45
76.4
73.54
72.45
72.12
740
24四川大学70.98
7298650073
西南交通大学
69.09
74.04
73.54
73.71
兰州大学
63.6
76.2
83457345
浙江工业大学
71.2
71.61
江南大学
779071.96679968.137316
武汉理工大学
6909
79.38
72.34
71.89
73.11
复旦大学
.128482
68.23
70.01
7294
武汉大学
71.74
72.76
72.99
73.45
7247
32北京交通大学
29
73.10
71.91
76.3372.06
33哈尔滨工程大学
72.04
4567
山东大学
73.81
3168.9967.12
72.02
中山大学
68.02
75.99
73.45
7296
江苏大学7508
.1066
71.91
长安大学
72.58
72.33
中国石油大学
70.84
72.12
71.8972.4571.59
北京工业大学
70.23
69.33
40南京理工大学70.76
73
8470
68
71.43
71.96
70.01
70.70
湖南大学73.06
74.10
70.57
中国科学院大学
63.66
85.85
62.13
6545
70.19
67.55
67
67.12
70.05
45合肥工业大学
72.21
71.11
71.4
国地质大学
63.7073.1117298
69
宁波大学
67.60749266.10650169
48沈阳航空航天大学6249
68.76
上海理工大学
66.90699268.2470.3368
41
74.96
63316832