2017广州日报大学一流学科排行榜——哲学
科学研完指数人才培养指数学科声誉指数二次评估指数综合指数
中国人民大学
100.00
10000
97.70
100.00
88.31
94.37
100.00
南京大学
93.49
9298
89.65
92.72
345667
复大学8789
中山大学
81.99
88.45
93.86
武汉大学
81.71884292.33896486.64
吉林大学
81.85
8891
87.49
88.81
85.74
84.17
73.11
85.
8901234
北京师范大学
77.54
804
82.9
四川大学
20
85
80.50
81.81
华东师范大学
84.61
71.39
南开大学
76.52
9585.22786781.00
清华大学
85.71
76.47
15黑龙江大学
81.32
67.75
75.61
东南大学
7531
m确
75.41
山西大学
78.54
71.42
27350
海师范大学
69.94790069.9765.107218
华中科技大学
6917726578116633
71.72
20陕西师范大学
71.69
73.59
同济大学
495
78.32
74.22
70.78
南京师范大学
70.527117
73.12
65.5970.74
苏州大学
70.46
72.32
65.10
24
厦门大学
21
74
658770.37
25首都师范大学
69.62
6938
64.33
69.84
26湖南师范大学
61.88
70.716981
华南师范大学
68.76
70.46
65.72
中南大学
6882728168.3064246946
29中央民族大学67.4174.2968.3063.476926
湖北大学
7796
62.35
6906
兰州大学
70.75
68.10
05
68.71
西南大学
09
6942
6847
华中师范大学
60.63
63.65
安交通大学
66.8
66.32
70.
63
6695
湘大学
63.08
70.56
36
学65.41
536395
37
大连理工大学
66.27
6683
63.42
东师范大学
64.82
63
上海大学
67.42
66.14
63.71
东北师范大学696265.5661.7562.7866.
辽宁大学
65.68
65.32
62.66
河北大学
63.05
65.38
43哈尔滨工业大学
64.03
66.39
6690
63.20
65.23
67.60
65.37
65.23
45中南财经政法大学6526
6444
62.22
46河北师范大学65.51
6726
61.12
63.6364.97
安徽大学65.66
66.16
64.92
南政法大学
6507
可南大学
65.05
6843
6063
62
64
工西师范大学
70.22