2017广州日报大学一流学科排行榜——土木工程
科学研究指数人才培养指数学科声营指数二次评估指数综合指数
同济大学
94.12
10000
10000
99.48
97.60
91.78
哈尔滨工业大学
91.19
96.66
98.44
95.15
浙江大学
91.56
1795
东南大学
8934
95.77
93.10
100.00
93.09
天津大学
2.37
90.8
83.56
95328644
7大连理工大学
8199
90.06
84.88
海
85.
89112
湖南大学
0.11
84.02
上海交通大会
8049
812284
中南大学
76.11
重庆大学
71.30
90
019001
83
北京工业大学
8505
94.29
14华南理工大学
85.16
77
华中科技大学
77,35
87.10
80.71
81.91
16西南交通大学75.1284.75
85.99
81.89
北京交通大学
70.70
83.13
78.85
7890223
18山东大学739483.15752384.9478.06
武汉大学
80.64
77.74
20西安建筑科技大学6496
83.83
76.39
武汉理工大学
71.86
82.53
87.53
76.25
长安大学
71.86
81
69
88.05
75.94
四川大学
70.99
81.05
93.77
75.88
中国矿业大学73.57
7080.16713375.61
电子科技大学
86.17
7447
合肥工业大学
81.86
90.65
74.15
西安交通大学
70.91
77.68
7247
74.05
789032
广西大学
70.46
60.00
9325
南京工业大学
6648
79.56
67.6788.5772.85
福州大学
75.5
92.7372.71
31北京航空航天大学70.64
69.33
69.13
吉林大学
72.91
79
65.15
62.08
72.32
长沙理工大学
7842
69.75
浙江工业大学
63
62.83
82.22
71.56
36
江南大学
74.3
60
37
东建筑大学
67,11
73.76
76.62
71.1
上海大
68.12
78.02
66.90
7097
中国石油大学
68.51
75.00
东工业大学
67.53
73.49
71
71.01
70.39
41兰州理工大学
64.77
71.4
72.89
中国地质大学65.907500
71.02
70
厦门大学
6687
74.44
70.10
70.03
70.10
青岛
岛理工大学
75
68.44
85.9770.02
45华北电力大学
71.07
67.21
65.10
46哈尔滨工程大学68.5576.8564.
64.66
6980
广州大学
61.73
7187
74.4
北京科技大学65
80.2
68.62
76.35
65.37
60.00
6943
昆明理工大学
72.0
63.84
69.39