017广州日报大学一流学科排行榜——外国语言文学
科学研究指数人才培养指数学科声营指数二次评估指数综合指数
北京外国语大学
97.58
10000
96.01
100.00
98.23
9772
南京大学
91.05
9041
94.96
98
9242
4北京大学74.5890.5610000
5广东外语外贸大学
复旦大学886582.38
86.44
87.858625
北京师范大学
85.97
89.28
82.45
上海交通大学
88.20
浙江大学
77.02
8809
83.57
78.95
79.65
10南京师范大学728383.85
86
黑龙江大学
70.95
85.59
79.42
1234
清华大学
84.368328898478.
四川大学
72.89
78.28
78.56
北师范大学
74.31
798780388760
华东师范大学
73.24
80.69
80.38
85.79
78.16
山东大学
72.20
81.6381.43
84.79
78.13
17西安外国语大学
70.06
78.28
74.17
77.67
18对外经济贸易大学71.77825676.1883517706
中山大学
68.95
80.08
80.38
88.75
76.56
85
83
71.68
厦门大学
65.46
81,06
87
75.90
华中科技大学
71.4485.5169
73.9475.43
同济大学
71.08
79.62
72.47
75.35
24华中师范大学736175.59
73.78
83.7275.25
25
苏州大学
75.12
8298
75.01
南开大学
79.59
75.63
85797441
27北京航空航天大学67.68
81.89
74.40
28武汉大学65.60800178.2883.3774.24
吉林大学
81,27
61.05
72.58
74.03
百南大学6808
55
73.53
87.06739
华南师范大学
71.26
60.00
84.72
73.79
32哈尔滨师范大学
84.51
67
73.54
湖南大学
63.48
73.53
34重庆大学
64.9
82.23
71.68
81.6173.15
潮南师范大学
6938
64.21
73.09
36
河南大学
99
5385217292
37
四川外国语大学
66.30
80.23
6947
83.71
72.86
38宁波大学
78.77
6798
77067249
上海师范大学
77.82
40哈尔滨工业大学6527
7768
78.797186
上海大学
6743
6798
77.71
71.65
天津外国语大学
9.5371.59
北京科技大学
65.54
78.69
67.18
8247
71.50
大连外国语大学
78.63
64.21
71.01
力大学
62.97
73.0
州师范大学
65.7276.50
67.18
81.84
70.86
65.44
北京交通大学
6718
福建师范大学
65.68
6000
83.68
70.58
七京语言大学
64.33
79.94
62.10