2017广州日报大学一流学科排行榜——应用经济学
科学研完指数人才培养指数学科声誉指数二次评估指数综合指数
中国人民大学
100
10000
100.00
100.00
100.00
89.54
91.45
93.31
南开大学
88.84
92.37
89.87
90.73
345667
中央财经大学
8202
9231
87.69
78.26
85.59
复旦大学77428942
91.68
93018543
上海财经大学
79.14
8906
9043
西南财经大学
92
90.08
85.
厦门大学
71
89.68
94.88
武汉大学
80.6
278679
84.54
南京大学
8544
84.52
12东北财经大学
89.9285.2588.1184.02
13中南财经政法大学
80.31
609
88.19
83.73
14对外经济贸易大学79.79
吉林大学
86.1
8000
84.35
82.09
16西安交通大学7701
84
83.29
81.44
75.33
85.21
7945
18山东大学73,1283.128743853880.21
暨南大学
74.07
8347
83.26
88.30
80.15
中山大学
76.37
83.2
68.97
82,7
7758
21华中科技大学
81.20
76.56
77,29
上海交通大学
12
82.76
81.00
84.79
77
北京师范大学
72.69
73.57
24都经济贸易大学68338246
79.0775.67
天津财经大学
74.02
81.42
75.0
137
81.81
75.017505
浙江大学
81
6598
76.31
74.50
重庆大学
72.07
79.2
辽
宁大学
73.57
30北京交通大学66.86773777.4679.5873.40
东师范大学
68.38
71.76
78.31
同济大学
78.00
70
浙江工商大学
78.54
79.39
工西财经大学
69.64
3060
8285
72.23
35安徽财经大学
68.84
72.03
36南京财经大学6803
67.
71.35
37
天津大学
69.3
75.62
60.00
8245
70.67
西北大学
68.24
77.09
61.00
78.9370.52
山西财经大学
66.11
南大学69.21777261.0070.197022
上海大学
65.96
76.79
73.35
哈尔滨商业大学
43北京工商大学
6600
7648
68.14
68.04
69.78
苏州大学
6542
67.33
75
45山东财经大学
66.75
80.89
东北师范大学
66.94
75.000673369.2469.66
中南大学
75.54
73.58
869.60
48广东外语外贸大学6569768886651
可南大学
64
6067.3374.68
69.58
连理工大学
69.14
75.10
71.04