2017广州日报大学一流学科排行榜——心理学
科学研究指数人才培养指数学科声营指数二次评估指数综合指数
北京师范大学
9968
10000
100.00
100.00
北京大学
97.92
98.56
华东师范大学
93.65
96.92
3456
西南大学
77.41
95.0
84.16
华南师范大学
85.12
96.23
浙江大学70.8583.7796.9281.5481.01
华中师范大学
62.78
98.46
72.31
76.00
8陕西师范大学
74.4
84.62
75.36
天津师范大学
73.10
953885127529
012
中南大学
5878.46
85
74.31
76.67
75.05
74.2
南京师范大学
61.13
76.17923184.5074.21
清华大学
72.98
72.00
70.12
14辽宁师范大学
65.12
8387.69
首都师范大学
64.06
72.71
9231
66.15
16东北师范大学61.07
68.89
90.
87
7202
上海交通大学
76.54
63.13
74.34
74.59
复目大学
7200071.5570.0067,007097
中国人民大学
72.18
74.17
70.80
20山东师范大学
62.81
72.01
70.55
四川大学
75.13
62,87
70.50
南开大学
49
.6167.
72.3370.15
苏州大学
6145
75.38
24
中国科字院大学
47
69.23
70.126885
浙江师范大学
64.83
71.18
68.72
上海师范大学
65.31
62.81
80.00
75.65
北京林业大学
60.15
75.33
67.97
江西师范大学60.53
7169
81.11
67.68
杭州师范大学
67.66
30首都医科大学70.93
60.95
68.48
68906725
河南大学
38
69.23
67.13
深圳大学
62.62
70.77
69036689
武汉大学
6268
69.11
64.62
7734
广州大学
61.51
406308
74.31
6607
西安交通大学
64.12
63.57
63.15
64.92
36云南师范大学60.2868.28
63.08
76.8
37
浙江理工大学
61,66
65.97
63.08
75.08
64.58
65.91
64.49
63.12
6641
郑州大学
6359
8662.
73.44
64.36
湖南师范大学
73.85
南京大学
66.21
61.52
64.17
安徽师范大学
6007
63.08
77.00
63.99
44安徽医科大学6245
6449
65.12
63.97
45西北斯范大学
70.77
69.17
东南大学
65
58
6154
61.9
96360
61.41
暨南大学
中央财经大学
61.16
68.30
61.54
6201
63.46
60.23
67.69
63.22