2017广州日报大学一流学科排行榜——政治学
科学研完指数人才培养指数学科声誉指数二次评估指数综合指数
中国人民大学
100
10000
100.00
84.20
9842
北京大学
91.58
96
100.00
100.00
95
复旦大学
86.21
88.50
96.52
345667
吉林大学
82.
87.61
南京大学
83,42
86.82
南开大学
7543
86.03
93.
90.0383.
武汉大字
78.08
82.20
93.54
华中师范大学
77.72
80.70
94.06
74.56
8901234
清华大学
7145767870875297923
山东大学
73.8
40
82.25
华东师范大学
72.32
81.26
81.92
中山大学
73.8
78.37
74
8429
国际关系学院
93,44
60.00
65.82
6553
云南大学
72.77
86.34
16天津师范大
52697984.56
7293
厦门大学
74.39
69.91
78.46
72.62
18东北师范大学68.1871.61788271287165
浙江大学
71.11
70.86
68.26
71.4
苏州大学
69
79.65
70.96
四川大学
69.06
75.23
70.52
外交学院
67.85779164
68.70
70.38
北京师范大学
70.80
68.26
70.49
24华东政法大学
67.40
12
6942
6921
25上海外国语大学
75.87
72.63
68.85
68.67
华中科技大学
71
608
69.27
28北京外国语大学64.697202694570.3568.41
71.08
624869676788
30同济大学650869.55
68.7467.66
海交通大学
68.58
68.54
68.24
67.64
32对外经济贸易大
69.05
65.20
69.12
33中南财经政法大学
66.08
68.54
南政法大学
64.
81653871.1069016666
35广东外语外贸大学630
65.20
68.27
66.37
36沈阳航空航天大学75.8360.00
60
华南师范大学
65,33
69.21
6248
66.71
66.06
38西华师范大学61.80
7042
6520
71.47
中国传媒大学
6239
河南师范大学
63.61
160
66.4
65.
湖南师范大学
64.22
69.05
60.83
65.66
西南大学
6644
66.9
上海师范大学
64.40
6780
65.62
辽宁师范大学
68.43
66.03
湖南大学
62.55
海南大学
61.8
68.1364.33
70.4065.09
西南交通大学
62.596776643368.1265.04
西安交通大学
60.83
辽宁大学
63.48
68.68
6000
66.98
64
内蒙古大学