2017广州日报大学一流学科排行榜—数学
科学研究指数人才培养指数学科声营指数二次评估指数综合指数
北京大学
87.95
10000
100.00
98.71
82.28
96.54
95.85
100.00
哈尔滨工业大学
100.00
90.12
75.35
85.18
3456
北京师范大学84.70
99.57
90.
8400
89.66
浙江大学
22
0086.
90428935
7中国科学技术大学80.63
96.56
清华大学
84.93
3898288883
南开大学
81.73
92.15
90.88
88.43
上海交通大会
89.0786
90.2
武汉大学
78.38
91.07
900593128600
南京大学
57
89.9687.7295708593
中南大学
85.98
92.01
92.69
厦门大学
81.97
89
西安交通大学
81,71
83.98
8925
85.10
16四川大学
88.
8847
97.858503
17大连理工大学
79.09
中山大学
784287278599939884.15
上海大学
86.25
冻师范大学
83.46
东南大学
90.74
8343
60.00
86.24
81.95
兰州大学
78.92844381
86
81.86
中科技大学
83.03
71.45
81.34
吉林大学
80
96.9980.43
25首都师范大学
02
9441
华南师范大学
76.74
82.65
69.95
同济大学
0.57
74.5
91.83
7747
重庆大学
80.6675.576
69.04
62
76.20
t海师范大学
82.80
68.29
湖南大学
82
75.8
75.18
70.70828075.30
苏州大学
73.28
73.23
75.35
8882
75.23
东北师范大学
50
79
3875.22
华中师范大学
74.60
74.7
34湘潭大学71.13
76.53
74.
80
74.43
73.63
72.68
6995
87.96
74.04
36南京师范大学
70.70
73.97
37北京航空航天大学77.56
6902
6299
90.97
7343
38电子科技大学79.19
67
60.00
西北工业大学
72.94
68.29
新疆大学
67.79
73.555682993.5572.19
41西安电子科技大学
74.06
71.84
70.85
79.
71.52
安徽大学
71.19
73.31
68.29
47
71.38
西北师范大学
73.35
84.0
郑州大学
67,47
73.42
理工大学
8960.0088
70.56
天津大学
65.42
70.54
北京理工大学
河北师范大学
64.09
7741
68.29
77
70.23
68.29