2017广州日报大学一流学科排行榜—林学
科学研究指数人才培养指数学科声营指数二次评估指数综合指数
北京林业大学
99.00
86.86
10000
100.00
95.66
东北林业大学
85.16
74.52
83.95
3西北农林科技大学75.60
9447
81.07
中国科学院大学1000071.68
63.82
80.32
南京林业大学
71.76
81.16
86.77
94.10
7982
6四川农业大学658591197720885978.00
中国农业大学
69.17
100.00
75.85
8中南林业科技大学65.78
79.63
79.72
90.23
9福建农林大学
66.67
77.17
77.25
88.67
74.13
10山东农业大学60.5585.6976.928809
11河北农业大学
85.95
75.24
73.1
西南
南林业大学
62.32
7177.02882571.
安徽农业大学
61.42
79.12
7529
81.57
71.52
沈阳农业大学
80.57
72.83
15浙江大学
61.91
93.34
60.10
60.
70.80
16南京衣业大学
63.78
21
60.20
60.3
70.65
华南农业大学
63.32
89.56
60.18
70.26
78902
18浙江农林大学
.07
707559821117016
华中农业大学
60.30
广西大学
63.97
73.9
72
75.22
西南大学
75.08
兰州大学
68.55
73.15
75
68
甘肃农业大学
60.72
71.33
73.57
76.56
68.05
24
四川大学
57
60.5
71.04
68.306746
北京师范大学
62.30
61.53
67.44
65.82
73.29
60.56
6643
北京大学
72.09
64.07
60.65
61.15
28河南农业大学60.3879.9560
60.04
46615
60.33
6924
湖北民族学院60.06
68.21
68.25
65.51
北京农学院
60.13
67.08
71.0
68.26
32吉林农业大学
60.00
60.00
60.0065.16
江西农业大学
63.62
60.19
60.35
65.10
34湖南农业大学60.30
2860
60.0364
内蒙古农业大学
60.79
74.14
60.04
64.57
36
扬州大学
61.05
73.74
60.0660.1064.5
37
山西农业大学
60.32
60.02
60.03
64.53
38江南大学
60.18
74.74
6001
60.02
西南交通大学
6000
67.00
40内蒙古大学6003684564.12
68
64.25
海南大学
60.50
73.08
60.03600564.14
6009
60.176398
新疆农业大学
60.63
71.59
60.03
60.06
63.74
中山大学
67.19
60.3563.69
45辽宁工程技术大学60.00
天津农学院60.00
71.67
60
60
63.50
北华大学
60.05
吉林大学
河南科技大学
62.74
67
03
60.1560.2663.26
农业大
69.37