2017广州日报大学一流学科排行榜—物理学
科学研完指数人才培养指数学科声誉指数二次评估指数综合指数
清华大学
100
10000
100.00
100.00
100.00
80.76
89.53
92
中国科学技术大学94.45
84.89
7783
80.34
34567
浙江大学
83.54
87
88.36
北京大学
9562
83.79
6244
哈尔滨工业大学74.65880294.5390.978427
华南理工大学
90.52
9742
82.41
78.29
81
8901234
中国科学院大学
9273
79
63.66
805
82.
复目大学
81
84.348210
北京科技大学
68.02
84.34
山东大学
77.9484.2384
85.568181
13北京航空航天大学71,47
38986
90.96
93.55
80.68
85
819480.60
南京大学
83.24
西北工业大学66
87
91.558047
17武汉理工大学
84.59
79.71
18西安交通大学74297909880085817962
中南大学
6708
84.23
89.74
94.84
7953
四川大学
70.61
86.19
84.9979.51
天津大学
73.37
79.08
北京化工大学
67.54
84.9
78.69
76.7775.91
苏州大学
74.92
78.02
73.04
79.09
75.89
24大连理工大学
11
77.12
83.2175.75
东华大学
78.62
85.31
74.72
78.74
75.12
73.99
北京理工大学
7747
71.61
73.58
东北大学
63.29
8296
87.1073.55
75.74
75.65
6244
73.54
30同济大学
36
780673.
大学
61.22
80.20
72.90
北京工业大学
80.27
75.12
81.357267
武汉大学
78.60
61.22
兰州大学
76
75.8
67.04
79.12
71.99
重庆大学
6714
74.19
36
上海大学
75.02
71
37
厦门大学
70.82
6244
83.00
71.58
南京工业大学
65.22
75.73
72
39南京航空航天大学
南京理工大学
65.63
73.5673
72.907032
湖南大学
66.33
76.84
69.65
65.16
70.03
郑州大学
75.4869.
福州大学
66.39
71.14
67.04
8200
69.50
合肥工业大学
73.39
6999
燕山大学
72.13
东南大学
7000
726305
70.3269.16
太原理工大学
73.98
69.3972.196875
哈尔滨工程大学
67.57
6782
81.11
6736
州理工
61.27
69.39
69.39
67.30