2017广州日报大学一流学科排行榜——理论经济学
科学研完指数人才培养指数学科声誉指数二次评估指数综合指数
中国人民大学
100.00
10000
10000
100.00
100.00
南开大学
99.14
96.5
96.5
北京大学
91.54
94.6
98.19
96.8
3456
厦门大学
86.279089
91.34
97.32
88.73
上海财经大学
86.4887.4688.75
87.72
南京大学
86.30
8727
81.44
86.32
9中南财经政法大学8218000619
一20
84.97
中山大学
学825781.30896279838332
浙江大学
79.25
12中央财经大学83.333
80.6
77.75
88.638195
华中科技大学
81.75
76.19
清华大学
78.29
81.2
8278
86.96
西安交通大学
8648
85.01
60.00
86.36
80.73
吉林大学
78.3581
80.51
86.60
80.61
17西南财经大学
80.65
86.38
山东大学
428268827882328016
76,4
902
东北财经大学
81.20
81.37
71.95
85.88
78
北京师范大学
73.57
80.65
8043
77.83
暨南大学
79.61
78
63.30
83.24
76.24
湖南大学
82.00
79.44
75.95
24对外经济贸易大学802777.85
66.59
69.4575.73
西北大学
6923
80.80
75.6
80.93
60.00
75.34
6595
75.23
7549
81.02
72.15
78901
上海交通大学7281
70.8
64.94
70.95
折江工商大学
71,24
72.47
72.53
70.69
70.88
76.50
63.9269.69
中南大学
74.57
70.08
61.65
63.04
6949
60.00
70.46
华南理工大学
72.88
70.4
60.00
34江西财经大学
71.79
68
6060.0075.
68.86
大连理工大学
68.84
60.00
东师范大学68.40
006570
37
湖北大学
63.77
78.12
66.92
63.15
68.64
38南京农业大学
73.11
60.00
63.83
天津大学
73.98
67.80
68.35
67.23
67.11
68.65
73.
68.07
41电子科技大学
71.72
69.20
60.00
64.87
6794
学70
6744678
陕西师范大学
68.80
67.79
7291
67.71
67.09
66.85
65.19
45南京财经大学
6444
46首都经济贸易大学688267.18600077.786746
问南大学
66.70
66.06
京理工大学
64.76
66.35
49广东外语外贸大学67.94664764.33634366.33
65.17
65.19
62.74