2017广州日报大学一流学科排行榜—生态学
科学研究指数人才培养指数学科声营指数二次评估指数综合指数
北京师范大学
76.57
10000
100.00
100.00
90.63
94
6293
8803
中国科学院大学
90.78
62.6
85.96
345667
中山大学
68.54
9085
4984
88.79
复旦大学675090.1895.5098.978305
华东师范大学
9682
南京大学
中国农业大学
69.38
85.72
89.54
80.91
云南大学
7195
80.69
68.64
12厦门大学
87.66
89.54
94.3679.69
13西北农林科技大学
69.62
81.13
77.82
清华大学
67.23
888771.92
76.45
北京林业大学
67.81
76.87
93.33
76.07
16南京农业大学6616835476
87
武汉大学
7500
88.21
74.70
18东北林业大学61.7275.11
88.21
9487
74
上海交通大学
79.53
752390267380
东
8543
9231
21中南林业科技大学
7643
7245
南京林业大学
61.5
75.84
788191.7972
南开大学
61.83
72.09
71.67
四川大学6245
4277.8889747126
25安徽师范大学
6080
7660
7099
69.50
61.53
66.57
80.00
南京师范大学
63.44
68.41
71.92
84.
西南大学
621764267.88889236865
29湖南农业大学
60.8072466927820568.12
22
60.2
68.28
72.05
88.7267.86
安徽大学
60.15
67.62
华中科技大学
60.42
70.69
69.27
8256
华南师范大学
67.0
34山东农业大学61.13
68.9
69
83.08
67
内蒙古大学
6281
7245
72.77
66.96
36
西师范大学60.89
64.74
72.85
85.64
37中国科学技术大学60.73
66.26
70.20
86.67
66.88
38沈阳农业大学60.71
75.19
68.7266.64
山西大学
68.34
中央民族大学60.41
0465.
76
66.53
安徽农业大学
60.91
80.51
75.3866.35
华中农业大学
63.47
62.38
70.99
7897
66.20
华南农业大学
75.83
61.32
60.0065.93
45河南农业大学
60.39
68.34
新疆大学
60.43668568.3477.9
65.69
西北大学
61.26
62.90
70.60
81.54
65.65
48浙江农林大学
可南大学
61.53
65.38
67.81
7744
65.5
首都师范大学
60.74
84.62
65.34