2017广州日报大学一流学科排行榜——生物学
科学研究指数人才培养指数学科声营指数二次评估指数综合指数
北京大学
92.21
100.00
复日大学
87.83
92.2594.1898.7591.52
123456789
海交通大学
93.1
90.45
91.25
91.23
清华大学79.7895.2510000990090.39
浙江大学
88.25
86.50
88.50
9025
中山大学
87.77
9301
90.25
武汉大学
73.55
9022
90.97
97.50
8443
南京大学
73.57
90.508968
7583.89
中国农业大学
82,7
8750
10中国科学院大学1000078.50664567.0083.54
11中国科学技木大学
6792
95.50
90.23
9500
83.37
2华中农业大学
88.65
83
86.25
83.09
山东大学
85.59
84.62
82.50
82.46
1111
四川大学
76.39
83.9383.66887581.34
夏门大学
70.9188.1684.0990.00
南开大学
69.60883286.88
80.09
南京农业大学
81.03
78.91
73.87
77.23
华中科技大学
75.16
吉林大学
71.29
77.59
77.74
75.35
20西北农林科技大学
75.10
73.87
62.50
中国医学科学院
66.96
7000
中南大学
71.7876.956258812572.44
同济大学
72.17
72.88
72.90
7241
北京师范大学65.
.51
72.35
东北师范大学
6289
8049
76.45
76.25
72.22
兰州大学
66.69
7444
72.21
东师范大学
65.75
73.38
76.45
75.00
71.11
云南大学
72.58
78.75
78.02
6981
首都医科大学
68.58
70.93
69.03
71.00
69.62
0323
东北林业大学
62.74
77.50
32哈尔滨医科大学
69.14
苏州大学
69.14
75.23
61.29
68.00
6928
35首都师范大学
64.18
73.03
70.32
68.64
南京师范大学
94
75
70.3276256849
北大学
61.36
7841
68.01
38南方医科大学68.1168.576903
66.3
68.26
北京林业大学
66.65
68.82
70.13
河北师范大学
61.52
7396
70.11
73.75
68.19
42河北衣业大学61.4977.5
67.
湖南农业大学
75.31
67.53
6921
中国医科大学
66.69
70.32
71.45
67.83
南师范大学
70.11
72.00
46内蒙古大学61.
72.1270.12
74
67.66
山东师范大学
71.34
71.54
74.00
63.59
71.71
6753712567.58
华东理工大学
63.30
7745
7010