017广州日报大学一流学科排行榜——生物医学工程
科学研完指数人才培养指数学科声誉指数二次评估指数综合指数
上海交通大学
100.00
95.81
93.62
95.50
80.41
100.00
100.00
浙江大学
90.55
92.14
89.18
90.75
90.77
4华中科技大学75.3495.79
87.35
四川大学
87.16
89.98
清华大学
8946
91.0172
80.118558
电子科技大学
8260
84.75
8西安交通大学
75.04
90.4393.7584.57
北京大学
80248673
85.99
88.75
84.19
10华南理工大学80.47891780.
86.25
11北京航空航天大学
74.73
82.93
9043
复日大学
5178.8980
86.25
.76
天津大学
78.64
86.25
8141
重庆大学
81.6
4567
哈尔滨工业大学
77,49
68.12
6687
74.99
同济大学
72.0877.3373.30
80
74.69
77.28
79.02
61.24
74.3
18北京理工大学68867446783862574.07
江南大学
74.75
79.16
671569877406
中南大学
69.84
70.46
72.82
东华大学
72,17
68.75
72.52
江工业大学
30
9469.10
68.79
71.90
23上海理工大学
66.26
72.06
71.85
苏州大学
81.27
64
7
武汉大学
74.82
75.57
71.74
69.57
80.007126
北京工业大学
71.36
73.78
70.82
28南方医科大学
65.87
72
74.19
75.00
70.49
江苏大学
72.02
69.97
68.16
679270.22
30大连理工大学68.70
3.73
692370.10
31中国石油大学
6722
7289
71.01
69.90
75.79
80.00
中国矿业大学
6943
66.7
山东大学
70.95
61.
1169
西北工业大学
69.80
68.42
72.50
68.87
36重庆医科大学63.16
67.97
86
37
上海大学
68
71,91
65.00
68.54
38西南交通大学
692667
厦门大学
68.38
山大学
658363
64.
67.59
南京医科大学
63.58
69.34
7098
71.25
湖南大学
80
6807
6713
东理工大学
67,08
72.58
61.24
62.76
67.13
44中国科学院大学6841
65.69
67.12
67.03
郑州大学
6587
63.45
66.96
北京化工大学6666699064.
6297
76676
南开大学
65.48
61.24
66.74
中南民族大学
6046
76.51
65.23
65.00
66.68
太原理工大学
67.18