2017广州日报大学一流学科排行榜—社会学
科学研完指数人才培养指数学科声誉指数二次评估指数综合指数
中国人民大学
100
10000
100.00
100.00
100.00
86.51
94.09
90.68
南京大学
80.97
85.55
89.66
85.11
345667
中山大学
82.70
70.57
9126
87.44
清华大学
69.2790.41860386.1580.66
上海大学
65,42
85.22
8692
8009
南开大学
71.35
79.61
8901234
9华东师范大学
70.22
8505
80.93
81107790
吉林大学
84.32
80
77.81
华中科技大学
71.84
82.61
80.86
69.33
冲中师范大学
72.0
07
9178.7274.7476.62
厦门大学
68.10
80.12
75.32
山东大学
69.16
79
7248
73.19
中央民族大学
78.98
75.01
79.95
72.5
武汉大学
686378.597266
72.16
78.15
70.90
西安交通大学
68266972729567.856959
河海大学
64.13
65.35
902223
浙江大学
68.44
中国农业大学
0.20
70.
京师范大学
71.03688565
67.3868.93
中国政法大学
62.18
64.81
24哈尔滨工业大学62237524
70.3468.57
兰州大学
64.32
73.98
70.13
64.28
68.37
67.39
69
64.22
南京师范大学
650579665916428692
中南大学63.39
666564816668
70
6443
63.21
166.63
30南京农业大学63.85
61.726603
成都理工大学
61.26
75.38
6290
63.12
66.01
重庆
庆工商大学
72.01
63.21
北京工业大学
66.65
64.81
65.85
34湖南农业大学612874.44
65.66
63.69
6443
63.21
65.65
36
71.68
65.4
36中南财经政法大学
66.4865,4464.43
632
65.43
61.17
72.37
63.21
65.39
济南大学
62.67
71.72
62.33
6245
65.30
40西北民族大学60.9170.5265.91
64
65.13
福州大学
60.83
70.86
65.84
65.08
70.92
65
西南财经大学
65.69
64.80
哈尔滨工程大学
61.29
70.04
64.4363.2164.73
45上海财经大学
63.82
6727
63.69
云南师范大学
6206695963.6962.6764.
郑州大学
61.41
69.24
62.67
64.62
西北大学
62.57
69.00
6296
62.14
64.53
63.93
66.19
64.22
64.49