2017广州日报大学一流学科排行榜—统计学
科学研究指数人才培养指数学科声誉指数二次评估指数综合指数
中国人民大学
100.00
100.00
95.32
2
北京大学
12
98
97.01
9503
南开大学
8581
95.56
山东大学
84.19
93.67
厦门大学
85.69
87.51
94.95
90.00
88.52
上海财经大学
华东师范大学
89.13
83.81
9293
88.05
北京师范大学
60
77
8586
85.2987.67
9中国科学技术大学
0.97
90.97
91.11
86.81
复日大学
8944
707
81.86
82.00
中南大学
92.77
81.61
82.83
12东北师范大学
4.17
武汉大学
84.81
83.14
B1.82
81
83.39
哈尔滨工业大学
7901
76.82
82.50
南京大学
722898381.8293381
浙江大学
2179.1281
中央财经大学
74.26
8997
72.2
81,09
18
四川大学
00
82.83
97.78
81.05
吉林大学
70.31
89.39
94.44
西南财经大学
21
华中科技大学
76.15
80.53
81.82
82,22
79.20
22上海交通大学
86.51
8283
79.0
东南大学
82.10
6000
83,33
77,36
清华大学
87
60.00828376.1777.13
东理工大学
74.44
7822
79.19
77.07
26
浙江工工商大学
64.1382.17
89.07
76.78
中山大学
学81846746
83.84
76.07
湖南大学
82.83
75.5675.7
29
北京理工大学
72.12
80.17
73.45
76.98
75.29
京交通大学
85.8
74.94
重庆大学
68.52
77,64
7980
7889
74.55
2同济大学85.5
1272.2774.4
33首都经济贸易大学
7922
83.84
74.23
西安交通大学
66.30
79.67787977
73.96
苏州大学
78.49
62,14
7980
78.24
73.82
东北财经大学
85.86
729
37
南京师范大学
6984
74.15
76
74.44
72.78
华南理工大学
67.97
701271.9
西南大学
81.8
7000
7128
广州大学
61.75
75.66
79.80
67
71.02
首都师范大学
7967
70.76
42中国科学院大学
72.61
70.16
68.22
699
7073
安徽大学
70.12
63.55
72.76
70.35
福州大学
6277
74.1
70.29
暨南大学
64.71
66.21
78.12
70.12
46中南财经政法大学62837185
47对外经济贸易大学63.55
70.71
73.17
6991
河海大学
5.35
7569
69.84
49西安财经学院
73.13
69.71
北京工业大学
72.81
65.32
67.89
68.16
69.11
上海大学
71.31
70.12