2017广州日报大学一流学科排行榜——药学
4学研完指数人才培养指数学科声营指数二次评估指数|综合指数
中国药科大学
100.00
100.00
100.00
2北京大学
94.97
85.37
98.36
.26
9290
复目大学
94.44
95.68
92.70
中国医学科学院
94.94
8845
北京协和医学院
沈阳药科大学
88.44
96.28
92.5
87.98
91.56
浙江大学
96
上海交通大学
99.79
81.17
87.33
87.12
8
四川大学
86.23
80.3
88.79
89.64
85.32
9山东大学8697
7982
86.79
中山大学
87.69
79.66
84.67
哈尔滨医科大学
70.61
74.28
7744
80.84
12华中科技大学
80.79
81
77.78
中南大学
77.61
73.29
7766
南京医科大学
54
74.18
77.5
72.97
72.92
7961
16
苏州大学
76.77
72.21
76.29
76.67
75.30
首都医科大学
75.88
6949
74.66
73.90
73.85
74.42
77
7300
19
中国海洋大学
6498
7540
78.88
74.32
71.82
南京大学
75.3067.6
70.20
21南京中医药大学
22
暨南大学
73.
69.38
4371.12
国医科大学
71.81
69.16
73.03
67.88
70.87
24
武汉大学
71.25
68
32
710370.53
25安徽医科大学
70.72
71.29
26上海中医药大学
6844
6948
70.
27天津医科大学
6958
68.35
72.39
72.66
70.08
中国科学蹺大学
.6663,4
776952
温州医科大学
75.32
61.55
70.21
重庆医科大学
70.2267.0770.26
5269
南方医科大学71.086481
6743
74.05
68.77
郑州大学
70.30
69
66.87
南开大学
66.24
67.64
3456789
67.03
64.69
兰州大学
6788
64.90
北京中医药大学
69
65.51
66.28
66.53
大连医科大学
6741
6.04
同济大学
7093
60.0
66.10
6728
66.32
广西医科大学
64.88
6663
67,6
广州中医药大学
64.71
河北医科大学
66.44
6284
64.34
65.31
67
64.8
70.4
70.11
西南大学
6595
63.31
6645
63.97
65.06
44天津中医药大学669262.996386
64.90
华东理工大学
63.22
4.59
青岛大学
446316
65.63
63.63
64.61
江苏大学
64.95
63.02
66.14
63.30
490
天津大学
63
65.17
新疆医科大学
61.91
66.32
65.58
65.41
64.32
烟台大学
6229