2017广州日报大学一流学科排行榜——软件工程
科学研究指数人才培养指数学科声营指数二次评估指数综合指数
清华大学
96.48
10000
100.00
100.00
98.59
96.67
9523
北京大学
9733
99.72
88.70
海交通大
8040
5北京航空航天大学
89.50
83,04
84.33
6哈尔滨工业大学78.40
90
077595
96.338321
电子科技大学
89.84
82.79
南京大学
88.87
82.69
武汉大学
72.18
82.
山东大学
71.86822390.11
80.74
华中科技大学
76.45
82.95
83.23
东南大学
018519882979.99
天津大学
74.72
79.11
8805
79.89
重庆大学
69
81
79.87
15中国科学技术大学
71,46
79.01
87.13
90.9
78.81
16大连理工大学72.73837078
82.
78.
17西安交通大学
72.84
79.75
77.98
华东师范大学64.118369903290.417.86
西北工业大学
68.74
78.21
华南理工大学
94417731
四川学
68.39
82.39
76.76
吉林大学
71.3781
75.
82
76.23
北京理工大学
68.78
78.97
79.11
75.89
复旦大学672874.74
90.49
75.7
25
东北大学
67.12
81.68
82.33
75.23
中山大学
75.87
79.75
74.5
27西安电子科技大学
72.32
70.38
79.4
74.47
28
北京工业大
学692675.3573.04
88.2
73.74
29南京航空航天大学
801
74.34
74.568806
73.22
工业大学71.85
7.09
76.6672.97
江南大学
73.65
6443
83.50
72.6
74.86
70
82.1872.49
中南大学
79
70.38
79.13
同济大学
21
73.22
70.
82.1371.
35北京科技大学
66.34
78.81
71.94
36
苏州大学
66.91
65
70.6
71.81
37
中国石油大学
6685
75.00
75.00
75
71.74
河海大学
70.88
7293
67.09
39哈尔滨工程大学
66.55
79.31
40哈尔滨理工大学
65
78.93
60
87,97
70.84
湖南大学
65.14
74.69
70.63
82.52
70.84
42南京理工大学
670976.8570.73
上海大学
70.08
12
66.20
74.88
70.40
44北京交通大学66
73.45
68.
79
70.24
45合肥工业大学
6782
工苏大学699470.7764.4377.90
6989
南开大学
63.24
75.07
79.77
6987
电力大
20
西北大学
61.4
7593
70.63
82.13
69.70
72.10
6947