2017广州日报大学一流学科排行榜——食品科学与工程
科学研究指数人才培养指数学科声营指数二次评估指数综合指数
江南大学
98.53
10000
100.00
100.00
9941
南理工大学
92.60
浙江大学
100.00
89.52
84.61
92.08
9299
345667
中国农业大学85.5695.39
99.2
91.1
南昌大学
73.51
87.32
南京农业大学
74
82914985
968684.16
江苏大学
75.52
83.70
83.39
上海交通大学
86.63
79.1788248275
9西北农林科技大学74309055827992948274
10东北农业大学6653951783.7094
81.35
中国海洋大学
66.34
85.61
华中
中农业大学
9289398279929480.24
华南农业大学
90.62
92.94
79.38
河南工业大学
63.55
.8481.89
79.23
15天津科技大学
66.44
88.80
92.94
16合肥工业大学
6680
84.80
81.89
8980
77.52
西南大学
8645
77.33
海海洋大学
64.078644
79.17
88.2476.22
折江工禽大学
65.38
84.29
8824
76.10
20内蒙古农业大学
61.6
87.83
79.17
75.65
四川学
71.99
75.55
79.6
75.55
22大连工业大学
61
79.17
88.24
75.16
福建农林大学
64.74
81.98
79.17
75.15
24华东理工大学6608
82.7575.02
新江工业大学
74.47
7429
74.12
74.41
上海理工大学
65.62
79
76.46
扬州大学
80.26
75.55
79.61
73.57
28哈尔滨商业大学61.35
8442
76.46
福州大学
6644
759975.5579.61
7245
河北农业大学62.4781.23
79.617243
31南京财经大学
61.90
81.42
72.26
32中南林业科技大学
78.53
75.55
79.61
71.62
陕西科技大学
7549
74.64
71.61
吉林大学
76.68
66.30
68.
6747
71.
华中科技大学
71.74
70.12
7144
70.97
36
农业大学
75.55
796170.71
37
北京大学
6971
70.12
70.36
74.26
70.42
38哈尔滨工业大学
6294
6898
66.1670.26
河南农业大学
62.20
74.64
上海大学6738
10
73.74
70.20
70
河南科技学院
75.55
74.12
70.04
津商业大学
76.15
宁波大学
6689
70.
70.20
69.68
70.14
70.12
68.98
67.27
山东大学
70.15
6965
天津大学
7543
243
67.89
68.05
6928
广西大学
72.83
69.24
海南大学
68.82
渤海大学
63.04
71.88
70.20
68.55
京师范大学
7197
73.74
6847