2017广州日报大学一流学科排行榜——马克思主义理论
科学研完指数人才培养指数学科声誉指数二次评估指数综合指数
中国人民大学
100.00
10000
95.21
95.66
98.61
武汉大学
6.63
9698
100.00
北京大学
83.15
90.86
9282
88.66
3456
清华大学
76.57
78
94.56
1586
东北师范大学
76.24
88.18
91.52
84.83
北京师范大学78.5885.34
89.78
96.3184.62
复目大学
78.38
95.12
82.93
南开大学
85.58
91.77
78.96
中山大学
72.68
76.51
88.18
78.80
吉林大学
华东师范大学
76.20
7606
80.58
12南京大学76.4983.66
70.42
80.0777.79
华中范大学
9280
南京师范大学
70.61
92.07
76.66
山东大学
8333
73.96
76.46
16河海大学70.71
82.5
5371.02
88.67
74.68
津师范大学
53
573.
浙江大学
65.41
80.16
73.80
20华南师范大学66.1074.9479288934
73.71
中南大学
72,44
75378797342
州大学694974.19
81.23
70.
中国政法大学
65.29
83.39
71.67
73.56
72.82
24山东师范大学65.49
53
81.957280
陕西师范大学
65.97
76.59
72.32
85.32
72.36
64.53
27上海财经大学
65.22
7832734175077178
28首都师范大学665383.1460.6580.7471.76
29哈尔滨工程大学
63.58
81.83
71.71
30哈尔滨师范大学
86
83.0071.51
31湖南师范大学
7220
88.02
71.3
武汉
汉理工大学
6195
78
70.88
华中科技大学
76.56
73.12
73.96
70.73
安交通大学
6569
71
77.97
72.6
70.72
苏州大学
6717
7688
上海大学
99
75.09
70.11
37
合肥工业大学
61,85
72
70.37
76.
70.09
四川大学
66.08
68.66
80.58
70.04
同济大学
63.75
安徽师范大学
65.03
79.5660.0077576964
广西师范大学
63.64
85.69
郑州大学
68.87
广州大学
63.63
7707
67.98
66.87
68.85
河北师范大学
77.50
60.00
西南交通大学
72.17
46
福建师范大学
65.7772.5764.
7762
68.75
河南大学
63.64
7208
74.40
68.75
上海师范大学
66.60
74.41
75.77
68.67
68.12
71.02
70.26