
浙江大学
100
10000
99.11
99.71
98.12
99.5
100.00
99.11
3哈尔滨工业大学
88.97
91.38
94.00
清华大学
95.14
9373.5179.3190.37
5电子科技大学92.58
87.55
6天津大学8059943698.27975089.95
7北京理工大学
74.06
90.85
91.25
南开大学
79
98
95.00
85
南京理工大学
7096
68826881591258162
10北京交通大学6738970582.368875
81.41
上海理工大学
67.80
92.38
8506
80.72
苏州大学
71
0183
88.7579.77
山东大学
78.02
78.75
14北京航空航天大学74.39
83.8479
79.11
上海交通大学
70.81
79.32
16北京工业大学70.82847482.8483
78.69
吉林大学
74.13
76.2
18华南理工大学84.4674.7073.31757878.43
长春理工大学
64.34
84.99
88.75
四川大学
76.64
79.76
76.29
复目大学
75.30
81.59
80.00
76.20
东南大学
24
76.21
62.7078.1276.1
哈尔滨工程大学
68.89
8842
69.54
76.25
75.61
24中国科学技术大学76.4971.57
78.22
25西安电子科技大学
7248
76.25
74.86
26中国科学院大
7929
66.75
74.83
华南师范大学
88.64
67.01
67.45
74.66
大连理工大学
70.5575.4379.8976.
66.57
77.67
81.32
74.27
江南大学73.52
84.23
61.2573.50
南京大学
65.40
74.32
72.94
北京大学
77,05
73.23
61.35
75
西安交通大学
75.46
68.21
6801
72.65
34重庆大学
45
81.0562.70684
71.88
西北工业大学
67.84
72.11
71.25
71.1
36
武汉大学
70.76
7244
70.22
71.00
同济大学
70.16
72,17
69.33
70.31
浙江工业大学
70.58
6731
67.01
70.31
河北大学
77.89
太原理工大学64.56769870
71.00
)70.13
深圳大学
69.82
71.56
6946
厦门大学68.46
中国海洋大学
70.25
6780
71.25
6948
44北京邮电大学74.68
67.64
62.7
65.11
上海大学
64.55
64.01
中山大学
暨南大学
中北大学
65,20
湖南大学
69.72
67.84
67.02
67.35
68.38
广东工业大学
67.69
6977
67.11
68.16