
中国人民大学
100
99.74
10000
100.00
北京大学
90.79
98.53
98.66
清华大学
75.18
98.30
9905
89.64
345667
复大学78.7793.46
96.88
87.38
76.67
95.72
中山大学
278.12
95
209325
77.548621
北京师范大学
74.65
94.52
9244
93.0384.26
南京大学
890123456
8469925969707786838
海交通大
14
4991.
92.0082
吉林大学
77.86
8982
四川大学
77
84.76
84.89
89.9479.71
南开大学
68.08
75.16
78.58
厦门大学
69.94
84.71
74.02
7762
浙江大学
7246
84.2
76.73
兰州大学
71.0783.727503
华东师范大学
68.87
84.11
74.34
18中南财经政法大学70.93834370.99815375.75
南京农业大学
65.32
80.61
81.7
75.1
83.09
75.15
中央财经大学
7935
74.50
湘潭大学
83.68
72.69
81.
东北大学
4.37
79.13
73.73
24中央民族大学70.2979.77
792873.33
25
西北大学
63.75
86.65
72.79
26北京航空航天大学63.54
81.35
78.42
东北财经大学
65.32
8294
71.4
72.51
郑州大学
63.80
82
68
84
华中师范大学
71.08
80.60
61.6
72.01
72.13
同济大学
64.58
81
70.24
7209
31西安交通大学
68.25
71.83
71.98
32对外经济贸易大
80.56
上海财经大学
68.04
78.15
70.02
71.24
71.79
南师范大学
9083396000
65.9
80
云南大学
6692
78.70
85.55
71.25
36
苏州大学
1179.26600081.3371.15
37
重庆大学
65.96
76.98
72.61
68.26
70.83
68.4
8045
60
70.18
70.70
华南理工大学
64.18
7982
40首都经济贸易大学6674
55600070.1970.18
41上海理工大学
66.79
72.52
中南大学
60.00
704
70
东理工大学
6642
79.28
60.00
75.4
6989
西南交通大学
63
74.87
66.79
83.606938
80.57
46
大连理工大学
27
1070.
76.2569.18
中南民族大学
76.88
65.94
东政法大学
02
华南农业大学64.7179.23600073.1868.97
东北师范大
76.36
68.87