
清华大学
100
9443
100.00
100.00
98.33
99.38
97.01
98.05
上海交通大学
95.60
93.35
97.65
92.1
西安交通大学83.12
92.00
5哈尔滨工业大学
96.91
88.18
6华中科技大学83289741
91.13
92.1389.98
东南大学
95.92
88.18
91.37
北京航空航天大学75.21
83.94
85.96
87068116
江苏大学
73.568672833783538047
01234
南理工大学
86.11
80.14
71.17
7896
生理工大学
62
35822784.7178.78
山东大学
77,16
80.12
79.67
78.28
重庆大学
73.34
84.56
7765
78.48
15电子科技大学
69.30
70.01
70.
16上海理工大学
51
87
78.04
北京大学
80.97
80.11
70.01
70.43
7747
18华北电力大学70088499974.058941728
吉林大学
81597146924
7294
77.13
75.0
74.99
76.75
21中国科学技术大学77
50
78.82
76.67
北京科技大学
28
76.5681
76.64
武汉理工大学
75.34
75.32
24华东理工大学67.52
78.33
78.1876.29
25哈尔滨工程大学
69.71
77.85
79.30
75.10
78.9
80.12
74.72
武汉大学
75.28
75.29
74.72
28北京理工大学7249
75.90
80.78
63.
中南大学
74.12
84.77
60.74
74.1
30同济大学
72.25
83.6
67
7299
西北工业大学
70.22
69.62
82.35
72.63
70.00
70.2
南京工业大学
70.59
江南大学
3170.
70.9171.89
中国科学院大学
79.16
65.60
71.57
36北京工业大学
.14
60.3774.1271.37
37
中山大学
70.10
70.52
71.02
38浙江工业大学
73.55
70.84
67
70
河海大学
69.91
40南京航空航天大学
6983
6.77
64.96
64.33
66.91
南京理工大学
70.32
7549
60.37
64
6929
44兰州理工大学62
79.39
66.6571.7669.15
45北京交通大学
46中国矿业大学72.6771.9660.3762.006893
47东北电力大学
77.83
66.65
68.66
中国石油大学
69.23
67
67.01
67.93
海电力学院
61.82
74.3
67.90