
天津大学
91.13
10000
10000
100.00
9645
90.12
88.17
清华大学
9743
97.67
7290
75.61
华东理工大学792393.81
96.2
华南理工大学
88.59
8947
91.01
6大连理工大学78.91893093
97.3386.88
北京化工大学
98.67
8哈尔滨工业大学
88.47
南京工业大学
70.85
98.00
81.
四川大学
81.01
上海交通大学
82.87
88.08
80.74
中南大学
72.4282348901920080.68
浙江工业大学
75.03
81.61
90.00
80.34
75
75.01
78.97
东南大学
8333
78.86
江南大学
764285.86
68.28
78.71
华中科技大学
76.16
80.53
77.01
77.72
西安交通大学76.61
81333638786677648
厦门大学
698181077828467
76.48
京理工大学
75.22
21北京理工大学
71.1
77,20
86.00
75.21
2中国矿业大学773178.28697864.
74.76
74.16
72.0
7441
子科技大学8259
60.0074.31
太原理工大学
66
74.00
94.67
74.22
北京大学
73.48
74.10
福州大学
92.67
73.64
28湖南大学67.6178173.44485.3337361
76.67
73.47
郑州大学66.21
94.00
72.83
山东大学
7440
7643
68.31
61.33
7248
江苏大学
74.89
6527
武汉理工大学
70.23
73.10
74.67
72.17
34中国科学技术大学736370.70
71.01
71.89
72
同济大学
73.29
74.41
71.94
36东华大学
68.94
65.27
71.92
37
中国科学院大学
81.11
68.06
62.58
65.01
71.88
38武汉大学71.24717270.2270.1871.07
复旦大学
69.39
北京工业大学
70.38
9769
69
70.75
南京大学
70.83
71.23
71.56
70.69
济南大学
69.23
71.67
68.00
70.61
广西大学
61
70.57
昆明理工大学
65.33
中北大学
62
76
.77
74.3370.42
73.01
陕西科技大学
76.3466.77
合肥工业大学
66.72
73.75
69.35
71.33
69.82
西北大学
62.52
74.0