
北京大学
85.05
10000
10000
100.00
93.91
93.21
南京大学
8232
97.06
96.79
93.75
90.78
浙江大学
90.00
90.62
南开大学
78.11
9744
吉林大学
83.828897951996.2588.88
7中国科学技术大学83.51
90.28
94.39
8887
复日大学
8120
93.14
91.25
厦门大学
7404
90.59
94.39
98.75
85.55
10中国科学院大学10000814262.
75.1084.53
四川大学
74.56
88.89
82.76
武汉大学
73.17
90
4389.4080008228
中山大学
74.10
8940
83.75
72.04
86.70
86.38
80.73
湖南大学
69.86
86.54
84.06
88.00
79.52
苏州大学
77.01864675.14
79.27
上海交通大学
76.31
8142
78.53
78.48
山东大学76.0574.4182.4587.507799
北京化工大学
70.34
81176807652
冻理工大学
76.11
64.91
7875
75.78
福州大学
6946
82.22
77.91
75.65
华中科技大学
72
76.86
72.3875.0974.53
北京师范大学
64.58
77.57
81.47
81.25
73.5
24华东师范大学67.65767477
77.5073.25
州大学
78.04
72.56
72.78
74.64
70.017269
华南理工大学
75.50
75.02
71.00
大连理工大学
73
64.91
71.80
同济大学
66.84
71.73
东北师范大学66.74
北京理工大学
77,86
68.01
62.50
71.12
西北大
65.07
78.42
72.38700071.03
哈尔滨工业大学
72.40
72.74
60.98
78.00
70.78
4567
北京科技大学
67.3675.27
6721
76.7670.64
华中师范大学
65.08
7682
7042
72.50
西安交通大学70.10
67.57
湘潭大学
63.90
73.87
6801
75.32
68.86
西南大学
.55
73.02
68.01
63.75
陕西师范大学
63.69
71.40
73.756844
40黑龙江大学63.18
73.74
68
68.40
安徽师范大学
62.66
66.25
中南大学
60.00
6799
南京工业大学
67.59
71.76
6098
6900
67.66
68.99
70.126748
华南师范大学
63.81
69.00
上海大学
0065
63.156705
云南大学
61.97
71.33
72.1
西大学
67,21
66.92
东师范大学61.67
71.99
68.01
70.00
66.87
北大学
61.98
71.12
68.01
70.346677