
北京大学
73.75
10000
10000
100.00
中国地质大学
88.00
中国科学技术大学72.68
91.31
96.75
9200
85.01
3456
武汉大学
4496.75
87.09
中国科学院大学
81.24
75.61
69.76
同济大学
65.92
7750860382.6775.09
一大
大学
71.28
74.5
73.68
8901234
大学
60.66
74.51
84.53
70.69
浙江大学
75.86
69.76
6568.27
成都理工大学
70.44
63.41
中国矿业大学
62
69.71
69.76
63.196623
西安交通大学
6845
65.97
70.34
76.27
66.13
西北大学
65.01
68.93
63.25
66.1
65.95
北京师范大学65.08
68
70
6000
66.22
65.26
国海洋大学
6605
18电子科技大学
70.55
60.00
62926441
内蒙古大学
6002
68.45
68.77
64.24
兰州大学
67.24
60.00
63.97
0023
清华大学
60.00
668260.0060
东华理工大学
60.39
63.93
68.14
60.47
6301
23南京信息工程大学62.5
61.63
63.09
桂林理工大学
64.37
61.15
60.41
68.32
中山大学
62436000665162986257
中南大学
63.02
60
64.88
63.69
62.55
西南石油大学6000
30哈尔滨工业大学
61.97
64.2
000
62
云南大学
60.35
64.88
62.29
32南京航空航天大学602064.636325
山东科技大学
65.91
60.00
62.12
34防灾科技学院60.3964.5161
6046188
西安石油大学
63.15
61.66
36东北石油大学60.18
61.00
64.88
60216137
37
合肥工业大学6137
60.00
63.25
61.67
61.36
北京航空航天大学6193
60.00
61.63
厦门大学
61.25
东农业大学600064.13600060
61.24
山东大学
6047
64.88
60.57
河北地质大学60.30
60.00
60
华中科技大学
60.00
60.00
62.16
60.92
44北京理工大学
61.53
60.00
60.00
61.8760.80
45上海海洋大学
60.78
西安科技大学60.3860.05
61.45
62.8
60.75
南京师范大学
61.38
60.00
60.72
湖南大学
安徽理工大学
60.08
6000
60.09
60.68
西北工业大学
61.22
61.49