
94.33
100.00
98.15
1234
上海交通大学
9483
95.00
92.18
北京大学
9707
100.00
93.83
94.10
93.25
中国医学科学院
北京协和医学蹺
86.20
98.65
91.97
6南京医科大学
7589.5
88.1287.7086.75
浙江大学
86.31
8591
8
华中科技大学
32
91.69
84.96
23
中南大学
75.87
88.50
.01
83.61
山东大学
83.46
8247
首都医科大学
79.13
82.04
8223
四川大学
76.28
1081.83
81.9
中国医科大学
73.76
88.73
津医科大学
71.39
93.8277
5.14
79.73
71.62
91.12
79.12
7755
79.57
吉林大学70.55884781.
33
南方医科大学
71.76
90.04
79.20
77.64
79.32
哈尔滨医科大学
71.59
75.27
79.24
西安交通大学
70.86
87.25
76.06
77.66
同济大学
108702
.01
73.36
48
重庆医科大学
76.23
74.35
武汉大学
69
85.34
76.96
75.19
76.34
郑州大学
88.29
74.66
72.20
76.22
大连医科大学
72.08
69.19
72.76
安徽医科大学
64.53
72
东南大学
66.67
8901
6388
64.52
72.
南开大学
63.44
67,4972.17
29中国科学院大学
68.93
71.48
30河北医科大学652187.19
63.03
63.53
71.20
清华大学
85.46
63.51
64.09
71.16
江苏大学
33
温州医科大学
67
80
4.34
70.62
广州医科大学
63.75
.36
扬州大学
62.81
83.5
68.66
81
厦门大学654484.04
.69
70.39
6604
70.30
中国农业大学
66
80.9
63.9964.64
27
70.2
广西医科大学
65.16
6998
河南大学
61.18
新疆医科大学
8249
68.22
64.29
69.64
60.98
81.57
70
69.54
南京农业大学
64.72
62.75
63.19
69.50
华中农业大学65.4480.90
63
63.69
6945
60.59
6640
60.73
6943
山西医科大学620387.3261.18
1.376938
石河子大学
81.34
70.57
60.22
70.15
49
青海大学
60.38
70.25
64.11
69.12
67
7,43