
中国人民大学
9943
10000
98.73
9692
南京大学
9302
93.80
97
中山大学
91.15
95.56
9785
100.00
94.70
34567
南开大学
9488
30949999399
北京大学
90.79
西安交通大学
8901
90.891000
97.1692.59
东北财经大学
93.36
清华大学
84.93
90.64
厦门大学
8845
87.34
9696
94.25
90.40
10中南财经政法大学88.50
7924
90
87
上海财经大学
83.81
91.27
1234
武汉大学
86.12823889.11858085.56
西南财经大学
83.77
86.58
85.35
中科技大学
84.57
84.86
89.76
84.79
复目大学
84.10
8847
83.59
16中央财经大学
83.51
79.75854883.33
上海交通大学
76.17
8774
重庆大学80.1981928228
528186
山东大学
79.73
82.67
8728
83.08
8863
70.13
华南理工大学
8099
79.34
81.39
81.27
大连理工大学
77.02
7762
88
乃
80.55
湖南大学
77.33
81.62
82.78
85.68
24对外经济贸易大学7732
.2885.4580.30
四川大学
79.31
8223
76.7
84.39
80.17
吉林大学
81.21
77.97
79.70
天津大学
8040
79.7
83.88
79.27
28暨南大学81818341
63.80
85.7879.08
29电子科技大学76.7577.81772284.467793
江工商大学
7
85.8276.34
天津财经大学
71.52
75.07
中南大学
77,15
78.94
6127
北京工商大学
80.97
69.75
70.73
74.57
同济大学
72.6
3374.0569.
74.3
东北大学
71.02
75.59
72.28
74.04
36西南交通大学
75.12
73.96
37
北京交诵大学
72
8082
60.00
80.32
73.76
陕西师范大学
7742
7764
60.00
70
39哈尔滨工业大学
6948
南京财经大学
72.13
9167
68.527297
江西财经大学
72.19
60.00
82.66
72.63
72.38
东南大学
73.65
75.14
60.00
77.53
71.75
可海大
54
73.39
山西财经大学
78.66
46浙江工业大学69.1774.1867.9778.1971.34
47首都经济贸易大学
69.93
77.66
71.19
61.27
苏州大学
68.9073.9267.9776.1570.95
75.44
66.20
70.93