
北京师范大学
100
10000
100.00
100.00
100.00
华东师范大学
85,45
90.41
96.10
76.508.17
华中师范大学
89.89
86.7
86.66
82.92
东北师范大学77.55
82
南京师范大学
85.22
85.89
81.11
6北京大学69869354
83.55
804280.76
华南师范大学
8047
清华大学
86.33
7905
8901234
西南大学
7245819982768477898
夏门大学
23
79
3677
华中科技大学
8897
78.96
浙江大学
3481.19893576.78
首都师范大学
6.79
84.78
81.98
74,45
75.99
67
74.5
上海师范大学
66.30
81.19
76.92
73.71
16山东师范大学6529811574.1181.197340
17陕西师范大学
78.81
77.26
18西北师范大学66837490780580287284
南京大学
74.18
77386079
71.12
72.1
20哈尔滨师范大学
87
71.41
71.92
湖南师范大学
78.32
67.10
7792
71.12
复旦大学
79
8549
61.58
72.837076
武汉大学
81.60
60.79
73.87
70.73
24辽宁师范大学6365
73.33
73
70
河南大学
63.99
74.86
71.75
70.14
北京理工大学
62.69
79.6
68.61
72.67
天津师范大学
62.97
78.27
6979
天津大学
644879.8760.7974.726938
64.02
80806079
72.386925
65.52
67.81
69.01
江苏师范大学
66.16
66.26
68.88
7927
63.91
上海交通大学
79.11
61.58
34四川师范大学
624
4479.0763.16
74.03
68.73
沈阳师范大学
63.30
76.97
36
63.67
37北京航空航天大学
64.08
60.79
71.0768.13
河北大学
76.27
67
重庆师范大学
62.37
8267.05
湖南大学63.26
0160
73
68.01
云南师范大学
73.73
68.61
1067
吉林大学
65.10
75.15
60.79
68.81
67.62
63
72.84678267.6467.62
45安徽师范大学
74.32
46西华师范大学
42
624
63.91
66
6740
河北师范大学6156
79.67
67.21
杭州师范大学
07286662667.23
67
扬州大学62.8774.8163.9167.81
67.15
61.37
6940
67.12