
华中科技大学
98.14
9908
100.00
100.00
98.98
100.00
9959
98.91
清华大学
100.00
9947
97
95.29
西安交通大学
96
96.87
95.
浙江大学
93,29
95.89
6哈尔滨工业大学
9196
95.3160.0090.08
7北京航空航天大学
84.13
83.99
82.97
天津大学
84.27
81.07
81.5
81.87
大连理工大学
79.118527876470.1281.76
北京理工大学
73.12
90.71
81.5
吉林大学
75.0686.7783
82.8880
东南大学
83.90
8081
湖南大学
692
85.72
华南理工大学
81.49
82.69
76.04
80.02
45677890223
同济大学
7525
85
8184
60.00
72.0
85.53
6000
东北大学
69.558443
7926
83.5377.35
西北工业大学
74.76
8607
6000
73.93
82.83
76.73
电子科技大学
75.50
60.00
6000
76.
江苏大学
75.1
74.00
60
7598
北京科技大学
76.28
75.00
燕山大学
66.77
83
80
.58600074.77
25西南交通大学
80.04
74.41
26中国矿业大学
75.94
78.
72.5
74.29
上海大学
76.47
73.74
78901
浙江工业大学74.68792870.1760.0073.69
29北京工业大学
73.75
69.41
73.6
南京理工大学
75
69.3573.30
31哈尔滨工程大
78.23
70.17
73.04
合肥工业大学
82.62
76.28
60.007299
7042
80.64
东华大学
68.36798270.17
72
武汉理工大学
70.11
81.24
6000
7245
36西安电子科技大学69.17
77
70.1
71.81
哈尔滨理工大学
67,55
68.60
66.70
71.80
武汉大学
19
75.44
39南京航空航天大学
科技大学
6884
7768.6067.60
71.34
浙江理工大学
70.17
6923
71.28
太原理工大学
75.78
71.18
上海理工大学
6682
78.29
68.60
70.65
44北京交通大学68.75
75.64
70.46
中国石油大学
70.75
70.01
江南大学
77.28
86634646
69
62.55
70.01
长安大学
68.95
70.94
70.09
48西安理工大学
华北电力大学
72.73
64.69
65.68
6946
武汉科技大学
64.13