清华大学
100
100.00
100.00
100.00
98.54
85.15
哈尔滨工业大学
89.09
90.97
94.53
90.97
90.91
上海交通大学
88.40
91.49
92.35
90.89
华南理工大学
86,57
86.73
90.52
94.42
88.19
北京科技大学
74.93
87.33
97.83
98.71
85.61
中南大学
76.64
85.17
89.74
94.84
83.64
天津大学
82.54
83,45
84.96
85.15
83.56
西北工业大学
74.57
86.12
91.48
92
83.17
10华中科技大学809180.47887983983.1
武汉理工大学
73.65
8580
91.74
12北京航空航天大学76.8180.8890
93.558253
吉林大学
83,75
8342
78.17
81.94
西安交通大学
78.24
81.76
四川大学
75.65
84.52
80.81
山东大学
24
8187
81.1280.79
北京工业大学
71.41
73.84
75.12
79.35
79.66
18复旦大学786884.72772270.1117934
19中国科学技术大学78.87
8293
6000
7799
77.34
北京化工大学
78.69
76.52
北京理工大学
81.0
56
76.24
同济大学
74.02
74.17
中国科字院大学
83
828
60.00|75.61
苏州大学
78.47
73.04
7520
26大连理工大学
78.22
77.22
75.11
重庆大学
76.14
74.19
74.92
28北京大学81.7678.31624460.0007468
东华大学
71.35
80.61
77.736000
74.27
东南大学8233
305
70.3273.89
东理工大学
6923
6000
73.77
32电子科技大学8818
67.39
60.00
60.0073.49
南京理工大学
70.27
73.56
京工业大学
68
98
2172
72.57
72
t海大学
7549
6000
71.61
36
南京大学
75.
60
37南京航空航天大学
71,45
69.39
69.03
70.99
江苏大学
73.17
67
600070.95
燕山大学
郑州大学
66.15
74.2871.
75487064
湖南大学
68.35
75.97
武汉大学
70.41
中山大学
72.82
74.43
60.00
69.95
肥工业大学
6999
60.0069.65
中国石油大学
67.00
兰州理工大学
6679
44723370.336935
太原理工大学
72.27
71.666920
48哈尔滨理工大学
厦门大学

武汉科技大学
