
中国人民大学
100.00
10000
100.00
100.00
100.00
97,
北京大学
84.27
99.39
96.16
9643
92.40
3456
西南政法大学
87.3895.13
90.67
90
华东政法大学
8582
90.44
武汉大学
81.14
91.0292.3794.928773
清华大学
79.11
92.77
吉林大学
77.24
89.59
8901234
9中南财经政法大学765779628768248089
南京大学
8546
86.02
78.24
山东大学
71.73
83.23
海交通大学
76.65
84
8522
76.09
四川大学
70.26
78.90
75.98
厦门大学
南京师范大学
75.95
79.58
84.57
74.49
复旦大学
65.7
82.77
74.06
北京师范大学72957529658483107325
17
中山大学
64.8
.8881.7079.0473.
19对外经济贸易大学680177.6970.74
73.1
浙江大学
69.77
75.25
68.04
8445
72.54
苏州大学
77.32
77.97
72.32
重庆大学66697380
70.74
82.92
23北京航空航天大学65.14
7443
79.72
南开大学
69
74.16
79.8
70
东南大学
65.08
72.67
71.32
79.65
70.06
63.95
74.82
77.77
69.79
27大连海事大学
64.36
73.96
69.67
28湖南大学64.34710971
81.806952
黑龙江大学
73.99
79.586951
湘潭大学
49
80
69
31上海财经大学
80
73.20
68.40
77.08
69.27
南财经大学
72.66
宁大学
69.21
68.74
七政法大学
68.
5769.
72.88
68.54
潮南师范大学
63.04
6994
6843
35同济大学63.4672
37
华中科技大学
6840
73.11
68.33
38中央财经大学648370.8267.6774.9368.20
65.37
折江工商大学
62.49
5066
76.9368.12
安徽大学
63.30
71.44
70.93
8023
67.99
43华南理工大学
63.53
70.95
68.40
7602
6798
北大学
61
76.11
65.37
71.2067.70
中南大学
61,46
西安交通大学63.1870.60669076.54
6749
47北京理工大学
62.66
71.65
65.3776.876732
河南大学
70.43
37
深圳大学
62.82
72.8
60.73
74.86
66.60
6243
65.37