
清华大学
100
10000
100.00
100.00
100.00
2哈尔滨工业大学
6.66
94.83
91.069098
同济大学
81.81
89.33
89.76
86.21
345667
南京大学
79.39
浙江大学
80.83
88.67
88.18
北京大学
75.83
90.4083.418335
天津大学
7949
8543
81.11
南理工大学
33098023813276.628123
大连理工大学
75.60
8712
81.08
上海交通大学8018821282.37
76.03
8078
湖南大学
85.64
85.33
7794
12武汉大学73.04825581.
76.687792
13北京师范大学
68.96
82.56
7923
南开大学
7947
山东大学
76.24
77.39
77
77.22
复旦大学
694281
80.26
76.02
北京工业大学
70.85
80.04
80.04
7602
75.96
18东南大学780678.0262.11183347539
江工业大学
74.57
7299
75.29
20华中科技大学74.638138699270.367528
吉林大学
81.22
7098
70.27
74.98
中山大学
92
78.
78.79
72.51
74.84
23电子科技大学
76.08
74.43
24中国海洋大学6385
9874.32
25
河海大学
71.76
79.56
62.11
92.50
74.24
70.
81
71.40
72017420
27中国科学技术大学69.67
80.82
28四川大学70.46
81
68.87
70.827359
江南大学
74.6077.1361.06
82.50
73.44
江苏大学
7
7701
66.1973.00
东华大学
69.75
70.98
70.29
7288
80.32
76.3372.40
昆明理工大学
70.22
70.37
国石油大学
70.39
0075
66
72
t海大学
71.83
36西安交通大学
65.1771
37
中国矿业大学
71.18
70.00
70.00
38北京科技大学
780071.40
71.37
华东理工大学
95.00
77,03
70.6362.116.
68.24
7759
60.00
83.75
2西安建筑科技大学
76.71
71.05
70.89
华北电力大学
7088
66.65
70.44
70.45
73.76
60.00
88.7570.09
厦门大学
67,42
北京理工大学
67
9960
0.0080.6370.01
广西大学
69.95
71.47
63.6977506991
48武汉理工大学70.58
东北师范大学
62.4073.9773.1375.3269.31
6743
61.06
69.00