
清华大学
100
87.27
93.63
100.00
100.00
89.97
99.17
西安交通大学
74.51
74.43
7447
79.27
96.77
345667
浙江大学
86.6
98.36
哈尔滨工业大学
87,88
83,83
85.86
天津大
0180.44
75.
78.108991
海交通大学
82.30
8哈尔滨理工大学
61.22
65.94
67.06
华南理工大学
6898
85.95
77.
80.77
华北电力大学650671.9768.517012
85.79
01234
72.89
东南大学
67
850385.3590.1584.
西南交通大学
6661
6708
6842
8444
阳工业大学
63.14
61.81
山东大学
66.60
70.67
81.19
湖南大学
65,88
65.57
80.60
17电子科技大学
100.00
79.98
工业大学64.746727660167.157990
四川大学
68.20
78.68
72.26
74.16
78.32
北京交通大学
64.51
68.71
78.30
西北工业大学
67.18
69.33
68.25
81
78.21
福州大学
61.25
66.96
中国矿业大学62437748
6996
71
77
25
吉林大学
63.81
70.60
77.66
上海大学
64.71
.3067
27南京航空航天大学7127707070987306731
28
江南大学
63.41
82
727775.187722
中南大学
54.5171.77
68.14
6968
7693
江苏大学62.50
71457684
太原理工大学
60.96
6488
76.46
燕山大学
66.2
64.26
75.42
河海大学
61.94
75.12
75.
大连理工大学
67,1
70
4768
70
75.
山东科技大学
75.09
36东北电力大学601461
60.
74
37
东北大学
67,33
67.32
68.70
74.43
60.60
67.87
64.23
6504
74.27
南京理工大学
70.14
72.75
济南大学
60.71
69.6865.
66.
73.30
广东工业大学
63.49
68.77
中国地质大学61
62.27
66.75
03
浙江工业大学
80.00
71
72.71
齐大学
46北京航空航天大学7429
4673
76.5
72.44
上海理工大学
61.49
67.9764.736563
72.37
上海电力学院
60.67
62.09
61.38
61.64
72.35
50湖北工业大学60.3563.46
61.90
6226