中国农业大学
100
10000
100.00
100.00
100.00
88.94
86.33
94.88
84.07
南京农业大学
80.65
79.99
8296
80.
80.16
西北农林科技大学
78.53
6华中农业大学67.3182.1086.9595.4478.49
东北农业大学
7181
79.08
73.31
湖南农业大学
75.3
75.
86.34
71.49
10内蒙古农业大学6698
70
扬州大学
64.72
71.59
74.42
83.61
70.61
12河北农业大学
61
99
69.76
73.20
70.3
西南大学
63.17
6842
75.46
69.52
14甘肃农业大学
62.44
.5270.92
7760
安徽农业大学
6247
70.65
80.50
68.64
16上海交通大学61.87
68.01
70.89
67.08
山东农业大学
74.84
60.59
18新疆农业大学605675.40663168746698
吉林农业大学
67.17
7755
西农业大学
61.9
68.28
69.76
73.21
兰州大学
6978
73.24
66.32
6660.1860.3
65.81
沈阳农业大学
61.82
71.49
65.25
内蒙古大学60.846845
68.7764.57
吉林大学
60.26
北京林业大学
73.22
60.04
27江南大学6180
70.93
60.10
60.17
64.04
28中国科学院大学6292
68
60.16
60.286383
南昌大学
63.44
66.25
63.32
72
69.85
60.0763.26
海南大学
60.43
6002
60.04
63.11
61.27
67.97
60.
延边大学
60.79
66.32
62.55
中山大学
61.93653360.1160.18624
江西农业大学
63.20
6293
60.30
36
青海大学60.54
64.09
62.93
61
62
37
江苏科技大学
60
60.00
6628
68.69
62.12
广西大学
61
64.88
60.08
60.1562.11
石问子大学
65.08
60.
建农林大学
60.55
65.42600360
61.86
天津农学蹺
61.67
63.80
60.16
61.84
12黑龙江八一农垦大学61.12
64.40
60.06
60.1161
中国海洋大学
6041
65.03
60.02
60.04
61.68
43河南科技学院60
64.67
60.04
60.06
45上海海洋大学
60.72
60.04
河南工业大学
60.5064.5660.0
60056158
内蒙古民族大学
64.22
60.03
60.05
61.49
南科技大学
60.11
49
西北民族大学
60.52
60.00
93
61.50
60.
南民族大学
62.24
60.94