
清华大学
9881
10000
10000
100.00
9952
88.22
89.0
96349390
上海交通大学
90.32
88.21
88.97
96.21
华中科技大学
85.96
8901
5哈尔滨工业大学
85.93
88.40
6电子科技大学
92.0684.318239
9345
87.94
北京大学
76.47
93.86
85.46
8北京航空航天大学7946
83.87
89.02
东南大学
8444
8292
83.65
南京大学
88.49
81.23
11中国科学技术大学
74.25
81.31
86.71
81.1
12西安电子科技大学77038304
80
88.5279.73
同济大学
74.78
568
95.24
79.59
东北大学
81.36
79.56
45678902
西安交通大学
76.79
79.64
79.84
88.5
7943
吉林大学
73.6081.1681.87
79.34
武汉大学
78.30
81.38
94.97
79.23
18大连理工大学
7827
51696985.897769
西北工业大学
75.88
81.38
9748
77.34
复E
90.49
76.79
北京邮电大学
69.80
77.33
76.65
中山大学
72.24
76.0779.608601
76.24
四川大学
7193
天津大学
77.38
74.37
70.22
87.0176.01
中南大学
73.79
8711
75.73
74.13
75.77
70
75.05
重庆大学
71.2
74.44
73.77
93.29
74.91
78901
北京理工大学71.25
75.5
71.23
29华南理工大学
80.55
66.22
63.03
94.41
74.1
工大学71.10
74
93.8574.04
北京交通大学
67.74
75.85
70.22
94.69
73.36
北京工业大学
72.56
69.2191337297
河海大学
72.36
8909
湖南大学
46
6169
88
中国石油大学
75.00
72.11
36南京航空航天大学70.4271
84
71.70
合肥工业大学
6747
72.72
6921
90.2
71.67
38浙江工业大学
73.83
69.03
65.378266
71.58
江南大学
63.84
71.25
北京科技大学
66.77
725268.68
8晚
71.19
哈尔滨工程大学
6752
73.36
71.1
上海大学
70.89
71
西南交通大学
67
71.49
6792
87.11
70.79
苏大学
71.00
71.13
77
70.60
华东师范大学
65.08
72.39
68.93
41
南开大学64.88
67.92
88.1270.28
北京师范大学
63.72
70.29
75.9084.907024
6944
70
70.17
苏州大学69.27698266.1479.3069.81
65.16
7187
66.14
69.79